MY_ACCOUNT_ID = 0.0.1548801
MY_PRIVATE_KEY = 302e020100300506032b65700422042033057b5c549459b1698e3d773af3729f785f9a3f5275ef8bd7a141ec8a596153
senderAccount = 0.0.1548801
recipientAccount = 0.0.6586
